"optim_dur" "HR" "baseline_haz" "required_events"
"1" 35.6894768890402 0.75 0.03 512
"2" 36.2250931180801 0.7525 0.03 524
"3" 36.775671422598 0.755 0.03 536
"4" 37.3423924063767 0.7575 0.03 549
"5" 37.930063647653 0.76 0.03 562
"6" 38.5376329618406 0.7625 0.03 575
"7" 39.1642498740353 0.765 0.03 589
"8" 39.8144592690597 0.7675 0.03 604
"9" 40.4821812623668 0.77 0.03 619
"10" 41.1834747261945 0.7725 0.03 634
"11" 41.9059513648724 0.775 0.03 651
"12" 42.6511597768318 0.7775 0.03 667
"13" 43.4256900380164 0.78 0.03 684
"14" 44.2546310217811 0.7825 0.03 702
"15" 45.0658696720482 0.785 0.03 721
"16" 45.931104125357 0.7875 0.03 740
"17" 46.8333523685255 0.79 0.03 760
"18" 47.7670448335083 0.7925 0.03 781
"19" 48.7387329893673 0.795 0.03 802
"20" 49.7510934968082 0.7975 0.03 824
"21" 50.8041805864061 0.8 0.03 848
"22" 32.3217258527257 0.75 0.035 512
"23" 32.7799041491399 0.7525 0.035 524
"24" 33.2529413641157 0.755 0.035 536
"25" 33.7390181623816 0.7575 0.035 549
"26" 34.2412911118581 0.76 0.035 562
"27" 34.7622111810122 0.7625 0.035 575
"28" 35.2951204973274 0.765 0.035 589
"29" 35.8574375966409 0.7675 0.035 604
"30" 36.4332351273808 0.77 0.035 619
"31" 37.0397498381235 0.7725 0.035 634
"32" 37.6488435779512 0.775 0.035 651
"33" 38.2969371076802 0.7775 0.035 667
"34" 38.9530287361926 0.78 0.035 684
"35" 39.6439314455945 0.7825 0.035 702
"36" 40.3574332567123 0.785 0.035 721
"37" 41.099628172929 0.7875 0.035 740
"38" 41.871616247703 0.79 0.035 760
"39" 42.6732634542817 0.7925 0.035 781
"40" 43.5075767880098 0.795 0.035 802
"41" 44.3737238290848 0.7975 0.035 824
"42" 45.2732399593034 0.8 0.035 848
"43" 29.799204233304 0.75 0.04 512
"44" 30.1989736893854 0.7525 0.04 524
"45" 30.6117968889417 0.755 0.04 536
"46" 31.0378021127594 0.7575 0.04 549
"47" 31.4776780191507 0.76 0.04 562
"48" 31.9332862228261 0.7625 0.04 575
"49" 32.4042640564123 0.765 0.04 589
"50" 32.8918876427257 0.7675 0.04 604
"51" 33.3950871153979 0.77 0.04 619
"52" 33.9188401113649 0.7725 0.04 634
"53" 34.4609619956063 0.775 0.04 651
"54" 35.020234316046 0.7775 0.04 667
"55" 35.6006878724155 0.78 0.04 684
"56" 36.2034600204143 0.7825 0.04 702
"57" 36.8303141101318 0.785 0.04 721
"58" 37.4797323519199 0.7875 0.04 740
"59" 38.153968132923 0.79 0.04 760
"60" 38.8551237113991 0.7925 0.04 781
"61" 39.585212895318 0.795 0.04 802
"62" 40.343756063323 0.7975 0.04 824
"63" 41.131236161249 0.8 0.04 848
"64" 27.8382867017024 0.75 0.045 512
"65" 28.1932452213595 0.7525 0.045 524
"66" 28.5594363363488 0.755 0.045 536
"67" 28.938269963611 0.7575 0.045 549
"68" 29.329950722108 0.76 0.045 562
"69" 29.7356445344149 0.7625 0.045 575
"70" 30.1535517906453 0.765 0.045 589
"71" 30.5864522575202 0.7675 0.045 604
"72" 31.0346117841815 0.77 0.045 619
"73" 31.4995071057764 0.7725 0.045 634
"74" 31.9795790656255 0.775 0.045 651
"75" 32.4791013217247 0.7775 0.045 667
"76" 32.9953037337037 0.78 0.045 684
"77" 33.5308669826457 0.7825 0.045 702
"78" 34.0826842696009 0.785 0.045 721
"79" 34.6572363784544 0.7875 0.045 740
"80" 35.266445808244 0.79 0.045 760
"81" 35.8882751655699 0.7925 0.045 781
"82" 36.537803662795 0.795 0.045 802
"83" 37.2125984599039 0.7975 0.045 824
"84" 37.9155766066179 0.8 0.045 848
"85" 26.2716292392653 0.75 0.05 512
"86" 26.5914704622813 0.7525 0.05 524
"87" 26.9203206903085 0.755 0.05 536
"88" 27.2617932183318 0.7575 0.05 549
"89" 27.6136031267202 0.76 0.05 562
"90" 27.977627339296 0.7625 0.05 575
"91" 28.3547459941203 0.765 0.05 589
"92" 28.7385222685247 0.7675 0.05 604
"93" 29.1464591272716 0.77 0.05 619
"94" 29.5658066552253 0.7725 0.05 634
"95" 29.9991538843342 0.775 0.05 651
"96" 30.4486977923398 0.7775 0.05 667
"97" 30.9107654860841 0.78 0.05 684
"98" 31.3950584173007 0.7825 0.05 702
"99" 31.8958177675509 0.785 0.05 721
"100" 32.4113236873093 0.7875 0.05 740
"101" 32.9552427257862 0.79 0.05 760
"102" 33.5164236149948 0.7925 0.05 781
"103" 34.0998061414011 0.795 0.05 802
"104" 34.706040149816 0.7975 0.05 824
"105" 35.3397180713416 0.8 0.05 848
"106" 25.001713141715 0.75 0.055 512
"107" 25.2810065760812 0.7525 0.055 523
"108" 25.5807409701059 0.755 0.055 536
"109" 25.8902958496703 0.7575 0.055 549
"110" 26.2114085197319 0.76 0.055 562
"111" 26.5419751750502 0.7625 0.055 575
"112" 26.8830412064744 0.765 0.055 589
"113" 27.2387800190928 0.7675 0.055 604
"114" 27.6060918148176 0.77 0.055 619
"115" 27.9863047318457 0.7725 0.055 634
"116" 28.3791503628078 0.775 0.055 651
"117" 28.787368438432 0.7775 0.055 667
"118" 29.2108039910784 0.78 0.055 684
"119" 29.6482567284633 0.7825 0.055 702
"120" 30.1041711159988 0.785 0.055 721
"121" 30.5770793758654 0.7875 0.055 740
"122" 31.0688377658873 0.79 0.055 760
"123" 31.5776408106604 0.7925 0.055 781
"124" 32.1085123368665 0.795 0.055 802
"125" 32.6602764127371 0.7975 0.055 824
"126" 33.2344114138016 0.8 0.055 848
"127" 25.0016290233593 0.75 0.06 512
"128" 25.0007000376748 0.7525 0.06 523
"129" 25.001713141715 0.755 0.06 536
"130" 25.001713141715 0.7575 0.06 549
"131" 25.0473635063323 0.76 0.06 562
"132" 25.3479483459153 0.7625 0.06 575
"133" 25.6611317420892 0.765 0.06 589
"134" 25.9866489933162 0.7675 0.06 604
"135" 26.3196783112819 0.77 0.06 619
"136" 26.6602237197538 0.7725 0.06 634
"137" 27.0319781907413 0.775 0.06 651
"138" 27.4052214252865 0.7775 0.06 667
"139" 27.7931420131128 0.78 0.06 684
"140" 28.1946577175406 0.7825 0.06 702
"141" 28.6134715010937 0.785 0.06 721
"142" 29.0459285379169 0.7875 0.06 740
"143" 29.4956162759807 0.79 0.06 760
"144" 29.9635912506217 0.7925 0.06 781
"145" 30.4497095627879 0.795 0.06 802
"146" 30.9572284638337 0.7975 0.06 824
"147" 31.4808899529754 0.8 0.06 848
"148" 25.0016290233593 0.75 0.065 511
"149" 25.001087008984 0.7525 0.065 523
"150" 25.001713141715 0.755 0.065 536
"151" 25.0016290233593 0.7575 0.065 548
"152" 25.001087008984 0.76 0.065 562
"153" 25.001087008984 0.7625 0.065 575
"154" 25.001087008984 0.765 0.065 589
"155" 25.0007000376748 0.7675 0.065 604
"156" 25.2373008920129 0.77 0.065 619
"157" 25.5589422150144 0.7725 0.065 634
"158" 25.8911314873299 0.775 0.065 650
"159" 26.2369002872166 0.7775 0.065 667
"160" 26.595344413699 0.78 0.065 684
"161" 26.9663341259287 0.7825 0.065 702
"162" 27.3516979921171 0.785 0.065 721
"163" 27.7512440789676 0.7875 0.065 740
"164" 28.1668359834095 0.79 0.065 760
"165" 28.5987580225138 0.7925 0.065 781
"166" 29.0475894300209 0.795 0.065 802
"167" 29.5144245057228 0.7975 0.065 824
"168" 30.0005454063649 0.8 0.065 848
"169" 25.0010296296881 0.75 0.07 511
"170" 25.001087008984 0.7525 0.07 523
"171" 25.001087008984 0.755 0.07 536
"172" 25.001087008984 0.7575 0.07 548
"173" 25.001087008984 0.76 0.07 562
"174" 25.0016290233593 0.7625 0.07 575
"175" 25.0007000376748 0.765 0.07 589
"176" 25.001087008984 0.7675 0.07 604
"177" 25.001087008984 0.77 0.07 619
"178" 25.0007000376748 0.7725 0.07 634
"179" 25.001713141715 0.775 0.07 650
"180" 25.2371058673949 0.7775 0.07 667
"181" 25.5693542257652 0.78 0.07 684
"182" 25.9145609139535 0.7825 0.07 702
"183" 26.2717929593158 0.785 0.07 721
"184" 26.6392366901394 0.7875 0.07 740
"185" 27.0289026881119 0.79 0.07 760
"186" 27.4301888053683 0.7925 0.07 781
"187" 27.8469439086927 0.795 0.07 802
"188" 28.2807239467929 0.7975 0.07 824
"189" 28.7324244745994 0.8 0.07 848
